Item = 13661	3121	10	9	7	0	0	0	1	0	0	0	0	11	0	0
Item = 13642	3109	0	-1	7	5	0	2	3	1	16	0	0	33	0	0
Item = 14684	3551	0	0	0	0	78	0	0	0	0	0	0	0	0	-5
Item = 14679	3549	30	-2	49	2	0	0	0	0	0	0	0	45	0	4
Item = 14484	3508	41	57	-4	0	0	13	26	7	0	0	0	56	0	0
Item = 13780	3203	0	0	0	0	0	0	0	0	0	0	0	56	0	0
Item = 13740	3183	0	0	0	0	0	63	65	75	2	57	0	0	0	3
Item = 13742	3184	0	0	0	0	0	63	65	75	2	57	0	0	0	3
Item = 13867	3282	13	-1	65	18	0	5	7	4	18	0	0	72	105	0
Item = 13864	3280	0	0	0	8	-2	20	16	22	8	0	0	0	0	0
Item = 13861	3278	0	0	0	27	-7	38	35	44	24	0	0	0	0	0
Item = 13858	3276	0	0	0	35	-10	63	45	74	35	0	0	0	0	0
Item = 13876	3288	0	0	0	-5	13	8	11	14	8	12	0	0	0	0
Item = 13873	3286	0	0	0	-10	23	35	29	37	46	35	0	0	0	0
Item = 13870	3284	0	0	0	-15	36	61	53	66	75	62	0	0	0	0
Item = 13902	3307	-4	-4	123	0	0	0	0	0	0	0	0	114	0	0
Item = 13896	3303	3	5	5	-17	-4	86	100	112	-4	118	0	3	0	0
Item = 13890	3299	3	3	5	-21	-7	110	106	97	-4	121	0	3	0	0
Item = 13884	3295	5	5	7	-10	-30	154	145	121	-6	157	0	5	0	0
Item = 13887	3297	5	7	7	-15	0	120	131	145	-3	140	0	6	0	0
Item = 13893	3301	3	5	5	-17	-4	86	100	112	-4	118	0	3	0	0
Item = 13899	3305	106	121	-2	0	0	1	4	3	0	0	0	118	0	0
Item = 0	-1	133	113	120	0	0	18	21	21	0	0	0	122	0	0
Item = 14490	3511	0	0	0	-14	-6	52	50	25	-1	49	0	0	0	0
Item = 14492	3512	0	0	0	-20	-8	80	85	40	-2	80	0	0	0	0
Item = 14494	3513	0	0	0	-4	-2	31	33	15	0	30	0	0	0	0
Item = 14592	3527	0	0	0	-14	-6	52	50	25	-1	49	0	0	0	0
Item = 14593	3528	0	0	0	-20	-8	80	85	40	-2	80	0	0	0	0
Item = 14594	3529	0	0	0	-4	-2	31	33	15	0	30	0	0	0	0
Item = 14479	3505	0	0	0	-30	0	109	107	97	-6	106	0	0	0	0
Item = 35	0	20	29	-2	0	0	0	3	2	1	0	0	25	0	0
Item = 76	-1	0	0	0	0	0	11	10	0	0	5	0	0	0	0
Item = 75	14	0	0	0	0	0	4	5	3	0	0	0	3	0	0
Item = 88	17	0	0	0	0	0	1	1	1	0	0	0	0	0	0
Item = 426	35	0	0	0	0	0	0	0	0	0	0	0	0	0	3
Item = 428	36	0	0	0	0	0	0	0	0	0	0	0	0	0	3
Item = 548	58	0	0	0	0	0	0	0	0	0	0	0	0	0	4
Item = 546	57	0	0	0	0	0	0	0	0	0	0	0	0	0	5
Item = 544	56	0	0	0	0	0	0	0	0	0	0	0	0	0	6
Item = 540	54	0	0	0	0	0	0	0	0	0	0	0	0	0	4
Item = 542	55	0	0	0	0	0	0	0	0	0	0	0	0	0	5
Item = 538	53	0	0	0	0	0	0	0	0	0	0	0	0	0	4
Item = 626	68	0	0	0	0	0	0	1	1	0	0	0	0	0	0
Item = 630	70	0	0	0	0	0	0	1	1	0	0	0	0	0	0
Item = 628	69	0	0	0	0	0	0	1	1	0	0	0	0	0	0
Item = 634	72	0	0	0	0	0	0	1	1	0	0	0	0	0	0
Item = 632	71	0	0	0	0	0	0	1	1	0	0	0	0	0	0
Item = 638	74	0	0	0	0	0	0	2	2	0	0	0	0	0	0
Item = 636	73	0	0	0	0	0	0	2	2	0	0	0	0	0	0
Item = 577	60	0	0	0	3	0	0	0	0	3	0	0	0	0	0
Item = 579	61	0	0	0	2	0	0	0	0	2	0	0	0	0	0
Item = 581	62	0	0	0	3	0	0	0	0	3	0	0	0	0	0
Item = 589	65	0	0	0	0	0	13	13	13	0	0	0	0	0	0
Item = 644	77	0	0	0	0	0	0	2	2	0	0	0	0	0	0
Item = 640	75	0	0	0	0	0	0	2	2	0	0	0	0	0	0
Item = 642	76	0	0	0	0	0	0	2	2	0	0	0	0	0	0
Item = 664	87	0	0	0	3	0	0	0	0	3	0	0	0	0	0
Item = 667	88	9	14	-2	0	0	0	3	2	0	0	0	10	0	0
Item = 660	85	0	0	0	3	0	0	0	0	3	0	0	0	0	0
Item = 662	86	0	0	0	3	0	0	0	0	3	0	0	0	0	0
Item = 656	83	0	0	0	3	0	0	0	0	3	0	0	0	0	0
Item = 658	84	0	0	0	3	0	0	0	0	3	0	0	0	0	0
Item = 747	100	5	3	-4	1	0	0	0	0	0	0	0	0	0	0
Item = 746	99	5	3	-4	1	0	0	0	0	0	0	0	0	0	0
Item = 767	102	0	0	0	0	6	0	0	0	0	0	0	0	0	0
Item = 817	129	0	0	0	0	18	0	0	0	0	0	0	0	0	0
Item = 816	128	0	0	0	0	15	0	0	0	0	0	0	0	0	0
Item = 818	130	0	0	0	0	7	0	0	0	0	0	0	0	0	0
Item = 829	135	0	0	0	0	24	0	0	0	0	0	0	0	0	0
Item = 828	134	0	0	0	0	17	0	0	0	0	0	0	0	0	0
Item = 831	137	0	0	0	0	5	0	0	0	0	0	0	0	0	0
Item = 830	136	0	0	0	0	38	0	0	0	0	0	0	0	0	0
Item = 825	131	0	0	0	0	5	0	0	0	0	0	0	0	0	0
Item = 827	133	0	0	0	0	12	0	0	0	0	0	0	0	0	0
Item = 826	132	0	0	0	0	8	0	0	0	0	0	0	0	0	0
Item = 804	116	0	0	0	0	17	0	0	0	0	0	0	0	0	0
Item = 805	117	0	0	0	0	26	0	0	0	0	0	0	0	0	0
Item = 806	118	0	0	0	0	3	0	0	0	0	0	0	0	1	0
Item = 807	119	0	0	0	0	4	0	0	0	0	0	0	0	3	0
Item = 800	112	0	0	0	0	4	0	0	0	0	0	0	0	0	0
Item = 801	113	0	0	0	0	5	0	0	0	0	0	0	0	0	0
Item = 802	114	0	0	0	0	8	0	0	0	0	0	0	0	0	0
Item = 803	115	0	0	0	0	12	0	0	0	0	0	0	0	0	0
Item = 812	124	0	0	0	0	3	0	0	0	0	0	0	0	0	0
Item = 813	125	0	0	0	0	4	0	0	0	0	0	0	0	0	0
Item = 814	126	0	0	0	0	5	0	0	0	0	0	0	0	0	0
Item = 815	127	0	0	0	0	8	0	0	0	0	0	0	0	0	0
Item = 808	120	0	0	0	0	5	0	0	0	0	0	0	0	4	0
Item = 809	121	0	0	0	0	8	0	0	0	0	0	0	0	7	0
Item = 810	122	0	0	0	0	11	0	0	0	0	0	0	0	10	0
Item = 811	123	0	0	0	0	15	0	0	0	0	0	0	0	14	0
Item = 775	105	2	2	2	0	0	8	9	0	0	0	0	2	0	0
Item = 772	103	-1	-1	10	10	0	2	3	1	10	0	0	0	0	0
Item = 778	108	2	2	2	0	0	8	9	0	0	0	0	2	0	0
Item = 776	106	2	2	2	0	0	8	9	0	0	0	0	2	0	0
Item = 777	107	2	2	2	0	0	8	9	0	0	0	0	2	0	0
Item = 883	-1	0	0	0	0	0	0	0	0	0	0	0	0	7	0
Item = 882	-1	0	0	0	0	0	0	0	0	0	0	0	0	7	0
Item = 885	-1	0	0	0	0	0	0	0	0	0	0	0	0	10	0
Item = 884	-1	0	0	0	0	0	0	0	0	0	0	0	0	10	0
Item = 887	-1	0	0	0	0	0	0	0	0	0	0	0	0	16	0
Item = 886	-1	0	0	0	0	0	0	0	0	0	0	0	0	16	0
Item = 889	-1	0	0	0	0	0	0	0	0	0	0	0	0	22	0
Item = 888	-1	0	0	0	0	0	0	0	0	0	0	0	0	22	0
Item = 891	-1	0	0	0	0	0	0	0	0	0	0	0	0	31	0
Item = 890	-1	0	0	0	0	0	0	0	0	0	0	0	0	31	0
Item = 892	-1	0	0	0	0	0	0	0	0	0	0	0	0	49	0
Item = 864	157	0	0	0	0	4	0	0	0	0	0	0	0	3	0
Item = 865	158	0	0	0	0	8	0	0	0	0	0	0	0	7	0
Item = 866	159	0	0	0	0	11	0	0	0	0	0	0	0	10	0
Item = 867	160	0	0	0	0	15	0	0	0	0	0	0	0	14	0
Item = 868	161	0	0	0	0	25	0	0	0	0	0	0	0	24	0
Item = 869	162	0	0	0	0	10	0	0	0	0	0	0	0	8	0
Item = 870	163	0	0	0	0	4	0	0	0	0	0	0	0	0	0
Item = 871	164	0	0	0	0	5	0	0	0	0	0	0	0	0	0
Item = 872	165	0	0	0	0	8	0	0	0	0	0	0	0	0	0
Item = 873	166	0	0	0	0	11	0	0	0	0	0	0	0	0	0
Item = 874	167	0	0	0	0	15	0	0	0	0	0	0	0	0	0
Item = 875	168	0	0	0	0	25	0	0	0	0	0	0	0	0	0
Item = 851	150	0	0	0	0	29	0	0	0	0	0	0	0	0	0
Item = 849	149	0	0	0	0	20	0	0	0	0	0	0	0	0	0
Item = 855	152	0	0	0	0	47	0	0	0	0	0	0	0	0	0
Item = 853	151	0	0	0	0	29	0	0	0	0	0	0	0	0	0
Item = 859	154	0	0	0	0	69	0	0	0	0	0	0	0	0	0
Item = 856	-1	0	0	0	0	47	0	0	0	0	0	0	0	0	0
Item = 863	156	0	0	0	0	5	0	0	0	0	0	0	0	4	0
Item = 861	155	0	0	0	0	69	0	0	0	0	0	0	0	0	0
Item = 834	140	0	0	0	0	17	0	0	0	0	0	0	0	0	0
Item = 835	141	0	0	0	0	24	0	0	0	0	0	0	0	0	0
Item = 832	138	0	0	0	0	8	0	0	0	0	0	0	0	0	0
Item = 833	139	0	0	0	0	12	0	0	0	0	0	0	0	0	0
Item = 839	144	0	0	0	0	8	0	0	0	0	0	0	0	0	0
Item = 836	142	0	0	0	0	38	0	0	0	0	0	0	0	0	0
Item = 837	143	0	0	0	0	6	0	0	0	0	0	0	0	0	0
Item = 843	146	0	0	0	0	14	0	0	0	0	0	0	0	0	0
Item = 841	145	0	0	0	0	8	0	0	0	0	0	0	0	0	0
Item = 847	148	0	0	0	0	20	0	0	0	0	0	0	0	0	0
Item = 845	147	0	0	0	0	14	0	0	0	0	0	0	0	0	0
Item = 1017	184	0	0	0	2	0	0	0	0	2	0	0	0	0	0
Item = 1019	185	0	0	0	0	0	0	1	1	0	1	0	0	0	0
Item = 1021	186	0	0	0	0	0	0	1	1	0	1	0	0	0	0
Item = 1023	187	0	0	0	0	0	0	1	1	0	1	0	0	0	0
Item = 1007	179	0	0	0	0	0	0	1	1	0	1	0	0	0	0
Item = 1101	227	0	0	0	-15	0	10	15	19	-3	12	0	0	0	0
Item = 1103	228	0	0	0	-15	0	7	11	13	-9	9	0	0	0	0
Item = 1097	225	0	0	0	-5	6	15	16	17	6	16	0	0	0	0
Item = 1099	226	0	0	0	-10	11	25	19	27	14	25	0	0	0	0
Item = 1093	223	0	0	0	-21	-7	51	49	47	-4	49	0	0	0	0
Item = 1095	224	0	0	0	0	4	2	2	1	0	0	0	0	0	0
Item = 1089	221	0	0	0	-21	-7	21	20	19	-4	20	0	0	0	0
Item = 1091	222	0	0	0	-21	-7	33	31	29	-4	31	0	0	0	0
Item = 1117	235	0	0	0	-30	-10	15	14	9	-6	14	0	0	0	0
Item = 1119	236	0	0	0	-30	-10	32	31	24	-6	31	0	0	0	0
Item = 1113	233	0	0	0	-15	0	63	72	78	-3	65	0	0	0	0
Item = 1115	234	0	0	0	-30	-10	21	20	12	-6	20	0	0	0	0
Item = 1109	231	0	0	0	-15	0	25	35	42	-3	19	0	0	0	0
Item = 1111	232	0	0	0	-15	0	36	50	61	-3	38	0	0	0	0
Item = 1105	229	0	0	0	-15	0	17	25	30	-3	12	0	0	0	0
Item = 1107	230	0	0	0	-15	0	22	32	39	-3	24	0	0	0	0
Item = 1135	244	0	0	0	-18	15	40	32	45	20	40	0	0	0	0
Item = 1133	243	0	0	0	-4	8	18	25	22	8	25	0	0	0	0
Item = 1131	242	0	0	0	-4	8	12	15	18	6	15	0	0	0	0
Item = 1129	241	0	0	0	-2	2	8	9	10	4	9	0	0	0	0
Item = 1127	240	0	0	0	-30	-10	82	80	72	-6	80	0	0	0	0
Item = 1125	239	0	0	0	-30	-10	41	40	30	-6	40	0	0	0	0
Item = 1123	238	0	0	0	-30	-10	65	63	55	-6	63	0	0	0	0
Item = 1121	237	0	0	0	-30	-10	46	44	38	-6	44	0	0	0	0
Item = 1151	252	0	0	0	-3	-1	9	10	8	-1	9	0	0	0	0
Item = 1149	251	0	0	0	-3	-1	33	35	32	-1	38	0	0	0	0
Item = 1147	250	0	0	0	-3	-1	22	23	21	-1	22	0	0	0	0
Item = 1145	249	0	0	0	-3	-1	14	15	13	-1	14	0	0	0	0
Item = 1143	248	0	0	0	-3	-1	9	10	8	-1	9	0	0	0	0
Item = 1141	247	0	0	0	-3	-1	7	8	6	-1	7	0	0	0	0
Item = 1139	246	0	0	0	-3	-1	3	4	2	-1	3	0	0	0	0
Item = 1137	245	0	0	0	-3	-3	4	5	3	-1	4	0	0	0	0
Item = 1033	192	0	0	0	2	0	0	0	3	0	0	0	0	0	0
Item = 1035	193	0	0	0	2	0	0	0	3	0	0	0	0	0	0
Item = 1027	189	0	0	0	0	0	0	1	1	0	1	0	0	0	0
Item = 1029	190	0	0	0	0	0	0	1	1	0	1	0	0	0	0
Item = 1031	191	0	0	0	0	0	0	1	1	0	1	0	0	0	0
Item = 1052	202	0	0	0	0	0	7	7	7	7	7	0	0	0	0
Item = 1067	210	0	0	0	-21	-7	11	10	10	-4	10	0	0	0	0
Item = 1065	209	0	0	0	-15	8	3	2	4	2	0	0	0	0	0
Item = 1071	212	0	0	0	-21	-7	24	22	20	-4	22	0	0	0	0
Item = 1069	211	0	0	0	-21	-7	17	16	15	-4	16	0	0	0	0
Item = 1059	206	0	0	0	0	0	0	1	2	0	0	0	0	0	0
Item = 1063	208	0	0	0	0	4	2	2	1	0	0	0	0	0	0
Item = 1061	207	0	0	0	0	0	0	1	1	0	0	0	0	0	0
Item = 1083	218	0	0	0	-21	-7	17	16	15	-4	16	0	0	0	0
Item = 1081	217	0	0	0	-21	-7	11	10	10	-4	10	0	0	0	0
Item = 1087	220	0	0	0	-21	-7	8	7	6	-4	7	0	0	0	0
Item = 1085	219	0	0	0	-21	-7	24	22	20	-4	22	0	0	0	0
Item = 1075	214	0	0	0	-21	-7	8	7	6	-4	7	0	0	0	0
Item = 1073	213	0	0	0	-21	-7	33	31	29	-4	31	0	0	0	0
Item = 1079	216	0	0	0	-21	-7	51	49	47	-4	49	0	0	0	0
Item = 1077	215	0	0	0	-21	-7	21	20	19	-4	20	0	0	0	0
Item = 1221	287	4	2	-4	0	0	0	0	0	1	0	0	3	0	0
Item = 1223	288	8	4	-4	1	0	0	0	0	1	0	0	7	0	0
Item = 1217	285	10	5	-4	1	0	0	0	0	1	0	0	7	0	0
Item = 1219	286	5	3	-4	1	0	0	0	0	1	0	0	4	0	0
Item = 1229	291	25	12	-4	0	0	0	0	0	1	0	0	24	0	0
Item = 1231	292	40	25	-4	1	0	0	0	0	1	0	0	40	0	0
Item = 1225	289	11	5	-4	1	0	0	0	0	1	0	0	10	0	0
Item = 1227	290	15	8	-4	0	0	0	0	0	1	0	0	14	0	0
Item = 1237	295	5	5	5	0	0	1	1	0	0	0	0	7	0	0
Item = 1239	296	8	8	8	0	0	1	1	0	0	0	0	10	0	0
Item = 1233	293	10	5	-4	1	0	0	0	0	1	0	0	7	0	0
Item = 1245	299	24	24	24	0	0	1	1	0	0	0	0	28	0	0
Item = 1247	300	36	36	36	0	0	1	1	0	0	0	0	42	0	0
Item = 1241	297	12	12	12	0	0	1	1	0	0	0	0	12	0	0
Item = 1243	298	17	17	17	0	0	1	1	0	0	0	0	0	0	18
Item = 1253	303	8	8	8	0	0	1	1	0	0	0	0	10	0	0
Item = 1251	302	5	5	5	0	0	1	1	0	0	0	0	7	0	0
Item = 1249	301	55	55	55	0	0	5	5	5	5	5	0	60	0	0
Item = 1263	308	55	55	55	0	0	5	5	5	5	5	0	60	0	0
Item = 1261	307	36	36	36	0	0	1	1	0	0	0	0	42	0	0
Item = 1259	306	24	24	24	0	0	1	1	0	0	0	0	28	0	0
Item = 1257	305	17	17	17	0	0	1	1	0	0	0	0	0	0	18
Item = 1271	312	17	-2	15	0	0	0	1	0	0	0	0	19	0	0
Item = 1269	311	8	-2	6	0	0	0	2	0	0	0	0	9	0	0
Item = 1267	310	5	-2	3	0	0	0	2	0	0	0	0	7	0	0
Item = 1265	309	4	-2	2	0	0	0	2	0	0	0	0	5	0	0
Item = 1279	316	6	4	-2	-4	-1	0	2	1	0	-1	0	7	0	0
Item = 1277	315	4	3	-2	0	0	0	2	1	0	0	0	5	0	0
Item = 1275	314	26	-2	24	0	0	0	1	0	0	0	0	29	0	0
Item = 1273	313	12	-2	10	0	0	0	2	0	0	0	0	13	0	0
Item = 1153	253	0	0	0	-6	-2	6	7	5	-1	6	0	0	0	0
Item = 1155	254	0	0	0	-6	-2	4	5	3	-1	4	0	0	0	0
Item = 1157	255	0	0	0	-6	-2	9	10	7	-1	9	0	0	0	0
Item = 1159	256	0	0	0	-6	-2	13	14	11	-1	13	0	0	0	0
Item = 1161	257	0	0	0	-6	-2	19	21	16	-1	19	0	0	0	0
Item = 1163	258	0	0	0	-6	-2	30	32	27	-1	30	0	0	0	0
Item = 1165	259	0	0	0	-6	-2	12	13	10	-1	12	0	0	0	0
Item = 1167	260	0	0	0	0	1	2	3	4	2	3	0	0	0	0
Item = 1169	261	0	0	0	-1	2	4	6	8	4	4	0	0	0	0
Item = 1171	262	0	0	0	0	0	4	5	3	1	4	0	0	0	0
Item = 1173	263	0	0	0	-6	-2	5	6	4	0	5	0	0	0	0
Item = 1175	264	0	0	0	-6	-2	8	9	7	0	8	0	0	0	0
Item = 1177	265	0	0	0	-6	-2	12	13	11	0	12	0	0	0	0
Item = 1179	266	0	0	0	-6	-2	15	16	14	0	15	0	0	0	0
Item = 1181	267	0	0	0	-6	-2	17	19	15	0	17	0	0	0	0
Item = 1183	268	0	0	0	-6	-2	24	26	22	0	24	0	0	0	0
Item = 1187	270	0	0	0	-6	-2	50	52	48	0	50	0	0	0	0
Item = 1185	269	0	0	0	-6	-2	38	40	36	0	38	0	0	0	0
Item = 1191	272	0	0	0	-8	-2	8	10	9	-1	9	0	0	0	0
Item = 1189	271	0	0	0	-6	-2	5	7	6	-1	6	0	0	0	0
Item = 1195	274	0	0	0	-8	-2	17	19	18	-1	18	0	0	0	0
Item = 1193	273	0	0	0	-8	-2	13	15	14	-1	14	0	0	0	0
Item = 1199	276	0	0	0	-8	-2	27	31	29	-1	29	0	0	0	0
Item = 1197	275	0	0	0	-8	-2	18	22	20	-1	20	0	0	0	0
Item = 1203	278	5	3	-4	1	0	0	0	0	1	0	0	4	0	0
Item = 1201	277	0	0	0	-8	-2	44	48	46	-1	46	0	0	0	0
Item = 1207	280	8	4	-4	1	0	0	0	0	1	0	0	7	0	0
Item = 1205	279	4	2	-4	0	0	0	0	0	1	0	0	3	0	0
Item = 1211	282	15	8	-4	0	0	0	0	0	1	0	0	14	0	0
Item = 1209	281	11	5	-4	1	0	0	0	0	1	0	0	10	0	0
Item = 1215	284	40	25	-4	1	0	0	0	0	1	0	0	40	0	0
Item = 1213	283	25	12	-4	0	0	0	0	0	1	0	0	24	0	0
Item = 1375	364	-2	6	3	0	0	0	0	0	0	0	0	9	0	0
Item = 1373	363	-2	48	43	0	0	0	0	0	0	0	0	64	0	0
Item = 1371	362	-2	31	26	0	0	0	0	0	0	0	0	41	0	0
Item = 1369	361	-2	22	17	0	0	0	0	0	0	0	0	29	0	0
Item = 1367	360	-2	20	15	0	0	0	0	0	0	0	0	24	0	0
Item = 1365	359	-2	16	11	0	0	0	0	0	0	0	0	20	0	0
Item = 1363	358	-2	8	5	0	0	0	0	0	0	0	0	13	0	0
Item = 1361	357	-2	10	8	0	0	0	0	0	0	0	0	12	0	0
Item = 1359	356	-2	26	24	0	0	0	0	0	0	0	0	29	0	0
Item = 1357	355	-2	17	15	0	0	0	0	0	0	0	0	19	0	0
Item = 1355	354	-2	12	10	0	0	0	0	0	0	0	0	10	0	0
Item = 1353	353	-2	8	6	0	0	0	0	0	0	0	0	9	0	0
Item = 1351	352	2	4	2	0	0	0	0	0	0	0	0	5	0	0
Item = 1349	351	-2	5	3	0	0	0	0	0	0	0	0	7	0	0
Item = 1347	350	-4	-4	53	-4	0	0	0	0	0	0	0	48	0	0
Item = 1345	349	-4	-4	33	-4	0	0	0	0	0	0	0	31	0	0
Item = 1405	379	10	-1	40	10	0	2	3	1	10	0	0	50	0	0
Item = 1407	380	10	-1	40	10	0	2	3	1	10	0	0	50	0	0
Item = 1401	377	10	-1	40	10	0	2	3	1	10	0	0	50	0	0
Item = 1403	378	10	-1	40	10	0	2	3	1	10	0	0	50	0	0
Item = 1397	375	7	-1	28	10	0	2	3	1	10	0	0	35	0	0
Item = 1399	376	7	-1	28	10	0	2	3	1	10	0	0	35	0	0
Item = 1393	373	7	-1	28	10	0	2	3	1	10	0	0	35	0	0
Item = 1395	374	7	-1	28	10	0	2	3	1	10	0	0	35	0	0
Item = 1389	371	2	-1	10	10	0	2	3	1	10	0	0	7	0	0
Item = 1391	372	7	-1	25	10	0	2	3	1	10	0	0	32	0	0
Item = 1385	369	3	-1	9	10	0	2	3	1	10	0	0	6	0	0
Item = 1387	370	3	-1	9	10	0	2	3	1	10	0	0	6	0	0
Item = 1381	367	3	-1	9	10	0	2	3	1	10	0	0	6	0	0
Item = 1383	368	3	-1	9	10	0	2	3	1	10	0	0	6	0	0
Item = 1377	365	-2	70	65	0	0	0	0	0	0	0	0	85	0	0
Item = 1379	366	0	-1	7	4	0	2	3	1	4	0	0	3	0	0
Item = 1307	330	-4	9	8	-4	0	0	0	0	0	-1	0	10	0	0
Item = 1305	329	58	69	-2	0	0	0	3	2	0	0	0	71	0	0
Item = 1311	332	-4	21	16	-4	0	0	0	0	0	-1	0	22	0	0
Item = 1309	331	-4	13	10	-4	0	0	0	0	0	-1	0	14	0	0
Item = 1299	326	15	20	-2	0	0	3	2	0	0	0	0	22	0	0
Item = 1297	325	13	18	-2	0	0	0	3	2	0	0	0	16	0	0
Item = 1303	328	38	47	-2	0	0	0	3	2	0	0	0	49	0	0
Item = 1301	327	20	29	-2	0	0	3	2	0	0	0	0	31	0	0
Item = 1291	322	4	2	-2	0	0	3	2	0	0	0	0	7	0	0
Item = 1289	321	38	26	-2	0	0	0	3	2	0	0	0	39	0	0
Item = 1295	324	9	14	0	0	0	3	2	0	0	0	0	15	0	0
Item = 1293	323	6	4	-2	-4	-1	3	2	0	0	0	0	10	0	0
Item = 1283	318	14	10	-2	0	0	0	2	1	0	0	0	12	0	0
Item = 1281	317	11	8	-2	-4	-1	2	1	0	0	0	0	12	0	0
Item = 1287	320	23	18	-2	-4	0	2	1	0	0	0	0	24	0	0
Item = 1285	319	16	11	-2	0	0	2	1	0	0	0	0	17	0	0
Item = 1337	345	-4	-4	10	-4	0	0	0	0	0	0	0	8	0	0
Item = 1339	346	-4	-4	18	-4	0	0	0	0	0	0	0	16	0	0
Item = 1341	347	-4	-4	22	-4	0	0	0	0	0	0	0	19	0	0
Item = 1343	348	-4	-4	25	0	0	0	0	0	0	0	0	20	0	0
Item = 1329	341	5	21	-2	0	0	0	0	0	0	0	0	20	0	0
Item = 1331	342	6	29	-2	0	0	0	0	0	0	0	0	28	0	0
Item = 1333	343	7	45	-2	0	0	0	0	0	0	0	0	44	0	0
Item = 1335	344	-4	-4	11	-4	0	0	0	0	0	0	0	9	0	0
Item = 1321	337	1	7	-2	0	0	0	0	0	0	0	0	6	0	0
Item = 1323	338	2	10	-2	0	0	0	0	0	0	0	0	9	0	0
Item = 1325	339	3	15	-2	0	0	0	0	0	0	0	0	14	0	0
Item = 1327	340	4	19	-2	0	0	0	0	0	0	0	0	14	0	0
Item = 1313	333	-4	27	21	-4	0	0	0	0	0	-1	0	28	0	0
Item = 1315	334	-4	30	24	-4	0	0	0	0	0	-1	0	31	0	0
Item = 1317	335	-4	43	30	-4	0	0	0	0	0	1	0	44	0	0
Item = 1319	336	-4	69	50	-4	0	0	0	0	0	-1	0	70	0	0
Item = 1478	391	4	4	4	4	4	0	0	0	0	0	0	0	0	0
Item = 1426	386	8	-2	16	0	0	0	0	0	0	0	0	13	0	2
Item = 1424	385	7	-2	13	0	0	0	0	0	0	0	0	11	0	2
Item = 1430	388	13	-2	25	0	0	0	0	0	0	0	0	23	0	3
Item = 1428	387	11	-2	11	0	0	0	0	0	0	0	0	16	0	3
Item = 1434	390	40	-2	60	0	0	-2	0	0	0	0	0	55	0	5
Item = 1432	389	20	-2	39	0	0	-2	0	0	0	0	0	36	0	4
Item = 1409	381	10	-1	40	10	0	2	3	1	10	0	0	50	0	0
Item = 1419	382	0	0	0	3	1	0	0	0	0	0	0	10	0	0
Item = 1422	384	2	-2	6	0	0	0	0	0	0	0	0	5	0	1
Item = 1420	383	4	-2	9	0	0	-2	0	0	0	0	0	7	0	1
Item = 1540	396	0	0	0	0	0	7	9	8	2	8	0	0	0	0
Item = 1729	431	0	0	0	0	0	7	7	7	7	7	0	0	0	0
Item = 1731	432	6	6	6	6	6	6	6	6	6	6	0	4	0	1
Item = 1710	423	10	10	10	10	10	3	3	3	3	3	0	6	0	3
Item = 1708	422	10	10	10	10	10	3	3	3	3	3	0	6	0	3
Item = 1706	421	10	10	10	10	10	3	3	3	3	3	0	6	0	3
Item = 1704	420	10	10	10	10	10	3	3	3	3	3	0	6	0	3
Item = 1718	426	0	0	0	0	0	2	2	2	2	2	0	0	0	8
Item = 1712	424	10	10	10	10	10	3	3	3	3	3	0	6	0	3
Item = 1727	430	0	0	0	10	0	0	0	0	0	0	0	0	0	0
Item = 1724	428	2	2	2	2	2	0	0	0	0	0	0	0	0	8
Item = 1725	429	0	0	0	0	0	0	0	0	0	0	0	10	0	0
Item = 2489	474	0	0	0	-10	10	5	4	6	6	0	0	0	0	0
Item = 2491	475	0	0	0	-10	11	6	5	7	8	0	0	0	0	0
Item = 2493	476	0	0	0	-10	11	25	19	27	14	25	0	0	0	0
Item = 2495	477	0	0	0	-10	14	28	22	30	20	28	0	0	0	0
Item = 2487	473	0	0	0	-10	9	4	3	5	4	0	0	0	0	0
Item = 2503	481	0	0	0	-15	30	55	47	60	50	55	0	0	0	0
Item = 2501	480	0	0	0	-15	25	50	42	55	40	50	0	0	0	0
Item = 2499	479	0	0	0	-15	20	45	37	50	30	45	0	0	0	0
Item = 2497	478	0	0	0	-10	17	31	25	33	28	31	0	0	0	0
Item = 2402	455	9	14	-2	0	0	0	3	2	1	0	0	12	0	0
Item = 2412	458	0	0	0	10	0	1	1	2	10	0	0	0	0	0
Item = 2413	459	0	0	0	10	0	1	1	2	10	0	0	0	0	0
Item = 2414	460	0	0	0	10	0	1	1	2	10	0	0	0	0	0
Item = 2415	461	-1	-1	6	6	0	2	3	1	6	0	0	0	0	20
Item = 2417	463	-1	-1	6	6	0	2	3	1	6	0	0	0	0	20
Item = 2416	462	-1	-1	6	6	0	2	3	1	6	0	0	0	0	20
Item = 2615	505	0	0	0	-30	-10	82	80	72	-6	80	0	0	0	0
Item = 2613	504	0	0	0	-6	-2	19	21	16	-1	19	0	0	0	0
Item = 2611	503	0	0	0	-8	-2	27	31	29	-1	29	0	0	0	0
Item = 2609	502	0	0	0	-21	-7	33	31	29	-4	31	0	0	0	0
Item = 2623	509	0	0	0	-30	-10	82	80	72	-6	80	0	0	0	0
Item = 2621	508	0	0	0	-8	-2	44	48	46	-1	46	0	0	0	0
Item = 2619	507	0	0	0	-6	-2	30	32	27	-1	30	0	0	0	0
Item = 2617	506	0	0	0	-21	-7	51	49	47	-4	49	0	0	0	0
Item = 2599	497	0	0	0	-30	-10	65	63	55	-6	63	0	0	0	0
Item = 2597	496	0	0	0	-8	-2	17	19	18	-1	18	0	0	0	0
Item = 2595	495	0	0	0	-6	-2	12	13	10	-1	12	0	0	0	0
Item = 2593	494	0	0	0	-21	-7	21	20	19	-4	20	0	0	0	0
Item = 2607	501	0	0	0	-30	-10	65	63	55	-6	63	0	0	0	0
Item = 2605	500	0	0	0	-6	-2	19	21	16	-1	19	0	0	0	0
Item = 2603	499	0	0	0	-8	-2	27	31	29	-1	29	0	0	0	0
Item = 2601	498	0	0	0	-21	-7	33	31	29	-4	31	0	0	0	0
Item = 2581	488	0	0	0	0	8	4	6	8	4	4	0	0	0	0
Item = 2583	489	0	0	0	-30	-10	41	40	30	-6	40	0	0	0	0
Item = 2577	486	0	0	0	-10	8	2	3	4	2	0	0	0	0	0
Item = 2579	487	0	0	0	4	0	0	0	0	0	0	0	0	0	0
Item = 2589	492	0	0	0	-8	-2	17	19	18	-1	18	0	0	0	0
Item = 2591	493	0	0	0	-30	-10	41	40	30	-6	40	0	0	0	0
Item = 2585	490	0	0	0	-21	-7	21	20	19	-4	20	0	0	0	0
Item = 2587	491	0	0	0	-6	-2	12	13	10	-1	12	0	0	0	0
Item = 2675	535	0	0	0	-8	-2	44	48	46	-1	46	0	0	0	0
Item = 2673	534	0	0	0	-6	-2	30	32	27	-1	30	0	0	0	0
Item = 2659	527	0	0	0	-8	-2	44	48	46	-1	46	0	0	0	0
Item = 2657	526	0	0	0	-6	-2	30	32	27	-1	30	0	0	0	0
Item = 2663	529	0	0	0	-21	-7	51	49	47	-4	49	0	0	0	0
Item = 2661	528	0	0	0	-30	-10	82	80	72	-6	80	0	0	0	0
Item = 2667	531	0	0	0	-8	-2	44	48	46	-1	46	0	0	0	0
Item = 2665	530	0	0	0	-6	-2	30	32	27	-1	30	0	0	0	0
Item = 2671	533	0	0	0	-21	-7	51	49	47	-4	49	0	0	0	0
Item = 2669	532	0	0	0	-30	-10	82	80	72	-6	80	0	0	0	0
Item = 2653	524	0	0	0	-30	-10	82	80	72	-6	80	0	0	0	0
Item = 2655	525	0	0	0	-21	-7	51	49	47	-4	49	0	0	0	0
Item = 2625	510	0	0	0	-21	-7	51	49	47	-4	49	0	0	0	0
Item = 2627	511	0	0	0	-6	-2	30	32	27	-1	30	0	0	0	0
Item = 2629	512	0	0	0	-8	-2	44	48	46	-1	46	0	0	0	0
Item = 2963	569	0	0	0	0	0	0	0	0	0	0	0	1	0	5
Item = 2961	568	0	0	0	0	0	0	0	0	0	0	0	1	0	5
Item = 3053	591	7	-1	28	10	0	2	3	1	10	0	0	35	0	0
Item = 3054	592	7	-1	28	10	0	2	3	1	10	0	0	35	0	0
Item = 2912	549	0	0	0	0	0	0	1	2	0	0	0	0	0	0
Item = 2914	550	0	0	0	0	0	0	1	1	0	0	0	0	0	0
Item = 2916	551	0	0	0	0	0	0	2	2	0	0	0	0	0	0
Item = 2920	553	0	0	0	3	0	0	0	0	3	0	0	0	0	0
Item = 2922	554	0	0	0	0	0	0	1	2	0	0	0	0	0	0
Item = 2924	555	0	0	0	0	0	0	1	1	0	0	0	0	0	0
Item = 2926	556	0	0	0	0	0	0	2	2	0	0	0	0	0	0
Item = 2930	558	0	0	0	3	0	0	0	0	3	0	0	0	0	0
Item = 2932	559	0	0	0	0	0	0	1	2	0	0	0	0	0	0
Item = 2934	560	0	0	0	0	0	0	1	1	0	0	0	0	0	0
Item = 2936	561	0	0	0	0	0	0	2	2	0	0	0	0	0	0
Item = 2940	563	0	0	0	3	0	0	0	0	3	0	0	0	0	0
Item = 2942	564	0	0	0	0	0	0	1	2	0	0	0	0	0	0
Item = 2890	539	0	0	0	0	0	0	0	0	6	0	0	0	0	0
Item = 2894	540	0	0	0	0	0	0	1	1	0	0	0	0	0	0
Item = 2896	541	0	0	0	0	0	0	2	2	0	0	0	0	0	0
Item = 2902	544	0	0	0	0	0	0	1	2	0	0	0	0	0	0
Item = 2900	543	0	0	0	3	0	0	0	0	3	0	0	0	0	0
Item = 2906	546	0	0	0	0	0	0	2	2	0	0	0	0	0	0
Item = 2904	545	0	0	0	0	0	0	1	1	0	0	0	0	0	0
Item = 2910	548	0	0	0	3	0	0	0	0	3	0	0	0	0	0
Item = 3200	627	28	41	0	-4	0	-1	3	4	0	0	0	43	0	0
Item = 3202	628	48	67	0	-4	0	-1	4	5	0	0	0	68	0	0
Item = 3204	629	70	95	0	-4	0	-1	4	5	0	0	0	89	0	0
Item = 3140	610	0	0	0	-15	0	81	93	98	-3	82	0	0	0	0
Item = 3198	626	22	28	0	-4	0	-1	2	4	0	0	0	29	0	0
Item = 3196	625	19	25	0	-4	0	-1	2	3	0	0	0	24	0	0
Item = 3194	624	14	19	0	-4	0	-1	1	2	0	0	0	20	0	0
Item = 3192	623	9	12	0	-4	0	-1	1	2	0	0	0	12	0	0
Item = 3190	622	7	8	0	-4	0	-1	1	2	0	0	0	8	0	0
Item = 3176	620	55	55	55	0	0	5	5	5	5	5	0	60	0	0
Item = 3174	618	24	24	24	0	0	1	1	0	0	0	0	28	0	0
Item = 3175	619	36	36	36	0	0	1	1	0	0	0	0	42	0	0
Item = 3172	616	12	12	12	0	0	1	1	0	0	0	0	12	0	0
Item = 3173	617	17	17	17	0	0	1	1	0	0	0	0	0	0	18
Item = 3170	614	5	5	5	0	0	1	1	0	0	0	0	7	0	0
Item = 3171	615	8	8	8	0	0	1	1	0	0	0	0	10	0	0
Item = 3097	602	8	11	-4	0	0	3	6	2	0	0	0	12	0	0
Item = 3096	601	4	6	-4	0	0	2	3	1	0	0	0	7	0	0
Item = 3099	604	11	16	-4	0	0	4	8	2	0	0	0	17	0	0
Item = 3098	603	10	14	-4	0	0	4	7	2	0	0	0	14	0	0
Item = 3101	606	26	38	-4	0	0	10	19	5	0	0	0	39	0	0
Item = 3100	605	18	23	-4	0	0	6	12	3	0	0	0	24	0	0
Item = 3093	598	0	0	0	0	7	0	0	0	0	0	0	0	6	0
Item = 3095	600	3	4	-4	0	0	1	2	1	0	0	0	5	0	0
Item = 3094	599	0	0	0	0	7	0	0	0	0	0	0	0	0	0
Item = 3122	609	0	0	0	-12	-8	40	42	38	0	65	0	0	0	0
Item = 3107	608	0	0	0	0	0	0	2	2	0	0	0	2	0	0
Item = 3105	607	0	0	0	0	0	0	2	2	0	0	0	2	0	0
Item = 3474	647	0	0	0	-21	-7	33	31	29	-4	31	0	0	0	0
Item = 3475	648	0	0	0	-21	-7	33	31	29	-4	31	0	0	0	0
Item = 3472	645	0	0	0	-21	-7	21	20	19	-4	20	0	0	0	0
Item = 3473	646	0	0	0	-21	-7	21	20	19	-4	20	0	0	0	0
Item = 3478	651	0	0	0	-21	-7	51	49	47	-4	49	0	0	0	0
Item = 3479	652	0	0	0	-21	-7	51	49	47	-4	49	0	0	0	0
Item = 3476	649	0	0	0	-21	-7	51	49	47	-4	49	0	0	0	0
Item = 3477	650	0	0	0	-21	-7	51	49	47	-4	49	0	0	0	0
Item = 3483	655	0	0	0	-21	-7	51	49	47	-4	49	0	0	0	0
Item = 3480	653	0	0	0	-21	-7	51	49	47	-4	49	0	0	0	0
Item = 3481	654	0	0	0	-30	-10	82	80	72	-6	80	0	0	0	0
Item = 3486	657	0	0	0	-6	-2	30	32	27	-1	30	0	0	0	0
Item = 3485	656	0	0	0	-21	-7	51	49	47	-4	49	0	0	0	0
Item = 3488	658	0	0	0	-8	-2	44	48	46	-1	46	0	0	0	0
Item = 3839	695	0	0	0	0	0	0	0	0	0	0	0	0	0	5
Item = 3793	689	0	0	0	0	0	0	2	2	0	0	0	0	0	0
Item = 3795	690	0	0	0	0	0	0	2	2	0	0	0	0	0	0
Item = 3798	-1	0	0	0	3	0	0	0	0	3	0	0	0	0	0
Item = 3799	692	0	0	0	0	0	0	1	2	0	0	0	0	0	0
Item = 3777	681	0	0	0	0	0	0	1	1	0	2	0	0	0	0
Item = 3779	682	0	0	0	0	0	0	1	1	0	2	0	0	0	0
Item = 3781	683	0	0	0	0	0	0	1	1	0	2	0	0	0	0
Item = 3783	684	0	0	0	0	0	0	1	1	0	2	0	0	0	0
Item = 3785	685	0	0	0	0	0	0	1	1	0	2	0	0	0	0
Item = 3787	686	0	0	0	0	0	0	1	1	0	2	0	0	0	0
Item = 3789	687	0	0	0	0	0	0	1	1	0	2	0	0	0	0
Item = 3791	688	0	0	0	0	0	0	1	1	0	0	0	0	0	0
Item = 3767	676	0	0	0	0	0	0	2	2	0	0	0	0	0	0
Item = 3765	675	0	0	0	0	0	0	1	1	0	2	0	0	0	0
Item = 3763	674	0	0	0	0	0	0	1	1	0	2	0	0	0	0
Item = 3761	673	0	0	0	0	0	0	1	1	0	2	0	0	0	0
Item = 3775	680	0	0	0	0	0	0	0	2	2	0	0	0	0	0
Item = 3773	679	0	0	0	0	0	0	0	2	2	0	0	0	0	0
Item = 3771	678	0	0	0	0	0	0	2	2	0	0	0	0	0	0
Item = 3769	677	0	0	0	0	0	0	2	2	0	0	0	0	0	0
Item = 3751	667	0	0	0	-5	-5	31	29	33	0	30	0	3	0	0
Item = 3749	666	-5	-5	-5	-6	6	6	9	10	6	6	0	0	0	0
Item = 3748	665	0	0	0	-6	-2	19	21	16	-1	19	0	0	0	0
Item = 3759	672	0	0	0	0	0	0	1	1	0	2	0	0	0	0
Item = 3758	671	0	0	0	-8	-2	27	31	29	-1	29	0	0	0	0
Item = 3757	670	6	29	-2	0	0	0	1	0	0	0	0	28	0	0
Item = 3755	669	-5	-5	-5	6	-5	8	10	12	6	0	0	0	0	0
Item = 3753	668	0	5	0	-5	-5	31	33	29	0	30	0	0	0	0
Item = 4087	730	0	0	0	-21	-7	68	66	63	-4	65	0	0	0	0
Item = 4089	731	0	0	0	4	0	0	0	0	4	0	0	0	0	0
Item = 4091	732	0	0	0	20	0	0	0	0	20	0	0	0	0	0
Item = 4093	733	0	0	0	15	0	0	0	0	15	0	0	0	0	0
Item = 4095	734	0	0	0	3	0	0	0	0	3	0	0	0	0	0
Item = 3844	700	4	4	4	4	4	4	4	4	4	4	0	0	0	5
Item = 3842	698	8	8	8	8	8	0	0	0	0	0	0	0	0	5
Item = 3843	699	0	0	0	0	0	0	0	0	0	0	0	0	0	5
Item = 3840	696	0	0	0	0	0	8	8	8	8	8	0	0	0	5
Item = 3841	697	0	0	0	0	0	0	0	0	0	0	0	0	0	5
Item = 4401	842	0	0	0	0	0	0	1	1	0	2	0	0	0	0
Item = 4403	843	0	0	0	0	0	0	1	1	0	2	0	0	0	0
Item = 4405	844	0	0	0	0	0	0	1	1	0	2	0	0	0	0
Item = 4407	845	0	0	0	0	0	0	1	1	0	2	0	0	0	0
Item = 4409	846	0	0	0	0	0	0	1	1	0	2	0	0	0	0
Item = 4411	847	0	0	0	0	0	0	1	1	0	2	0	0	0	0
Item = 4413	848	0	0	0	0	0	0	1	1	0	2	0	0	0	0
Item = 4385	834	0	0	0	0	0	0	1	1	0	2	0	0	0	0
Item = 4387	835	0	0	0	0	0	0	1	1	0	2	0	0	0	0
Item = 4389	836	0	0	0	0	0	0	1	1	0	2	0	0	0	0
Item = 4391	837	0	0	0	0	0	0	1	1	0	2	0	0	0	0
Item = 4393	838	0	0	0	0	0	0	1	1	0	2	0	0	0	0
Item = 4395	839	0	0	0	0	0	0	1	1	0	2	0	0	0	0
Item = 4397	840	0	0	0	0	0	0	1	1	0	2	0	0	0	0
Item = 4399	841	0	0	0	0	0	0	1	1	0	2	0	0	0	0
Item = 4371	827	0	0	0	0	0	0	1	1	0	2	0	0	0	0
Item = 4369	826	0	0	0	0	0	0	1	1	0	2	0	0	0	0
Item = 4375	829	0	0	0	0	0	0	1	1	0	2	0	0	0	0
Item = 4373	828	0	0	0	0	0	0	1	1	0	2	0	0	0	0
Item = 4379	831	0	0	0	0	0	0	1	1	0	2	0	0	0	0
Item = 4377	830	0	0	0	0	0	0	1	1	0	2	0	0	0	0
Item = 4383	833	0	0	0	0	0	0	1	1	0	2	0	0	0	0
Item = 4381	832	0	0	0	0	0	0	1	1	0	2	0	0	0	0
Item = 4355	819	0	0	0	0	0	0	1	1	0	2	0	0	0	0
Item = 4353	818	0	0	0	0	0	0	1	1	0	2	0	0	0	0
Item = 4359	821	0	0	0	0	0	0	1	1	0	2	0	0	0	0
Item = 4357	820	0	0	0	0	0	0	1	1	0	2	0	0	0	0
Item = 4363	823	0	0	0	0	0	0	1	1	0	2	0	0	0	0
Item = 4361	822	0	0	0	0	0	0	1	1	0	2	0	0	0	0
Item = 4367	825	0	0	0	0	0	0	1	1	0	2	0	0	0	0
Item = 4365	824	0	0	0	0	0	0	1	1	0	2	0	0	0	0
Item = 4512	863	0	0	0	-8	-2	27	31	29	-1	29	0	0	0	0
Item = 4507	858	0	0	0	-8	-2	27	31	29	-1	29	0	0	0	0
Item = 4506	857	0	0	0	-3	-1	14	15	13	-1	14	0	0	0	0
Item = 4505	856	0	0	0	-21	-7	33	31	29	-4	31	0	0	0	0
Item = 4504	855	0	0	0	-30	-10	65	63	55	-6	63	0	0	0	0
Item = 4511	862	0	0	0	-3	-1	14	15	13	-1	14	0	0	0	0
Item = 4510	861	0	0	0	-21	-7	33	31	29	-4	31	0	0	0	0
Item = 4509	860	0	0	0	-30	-10	65	63	55	-6	63	0	0	0	0
Item = 4508	859	9	14	-2	0	0	0	3	2	0	0	0	16	0	0
Item = 4503	854	9	14	-2	0	0	0	3	2	0	0	0	16	0	0
Item = 4502	853	0	0	0	-3	-3	12	14	10	7	9	0	0	0	0
Item = 4585	875	0	0	0	-21	-7	68	66	63	-4	65	0	0	0	0
Item = 4587	876	8	67	-2	0	0	0	1	0	0	0	0	66	0	0
Item = 13477	2990	8	67	-2	0	0	0	1	0	0	0	0	66	0	0
Item = 4566	870	-100	-100	-50	0	0	0	0	0	0	0	0	-10	0	0
Item = 4551	868	0	0	0	-6	-2	9	10	7	-1	9	0	0	0	0
Item = 4131	752	0	0	0	-3	-1	12	13	14	0	0	0	2	0	0
Item = 4129	751	0	0	0	-3	-1	10	11	12	0	0	0	1	0	0
Item = 4151	753	0	82	0	0	0	0	0	0	0	0	0	82	0	0
Item = 13444	2962	0	82	0	0	0	0	0	0	0	0	0	82	0	0
Item = 4153	754	0	0	81	0	0	0	0	0	0	0	0	79	0	0
Item = 4158	757	47	42	36	0	0	1	1	0	0	0	0	50	0	0
Item = 4156	756	0	0	0	0	0	10	15	5	5	10	0	0	0	0
Item = 4097	735	0	0	0	3	0	0	0	0	3	0	0	0	0	0
Item = 4099	736	0	0	0	4	0	0	0	0	4	0	0	0	0	0
Item = 4101	737	0	0	0	20	0	0	0	0	20	0	0	0	0	0
Item = 4103	738	0	0	0	15	0	0	0	0	15	0	0	0	0	0
Item = 4105	739	0	0	0	3	0	0	0	0	3	0	0	0	0	0
Item = 4107	740	0	0	0	3	0	0	0	0	3	0	0	0	0	0
Item = 4109	741	0	0	0	4	0	0	0	0	4	0	0	0	0	0
Item = 4111	742	0	0	0	20	0	0	0	0	20	0	0	0	0	0
Item = 4113	743	0	0	0	15	0	0	0	0	15	0	0	0	0	0
Item = 4115	744	0	0	0	3	0	0	0	0	3	0	0	0	0	0
Item = 4117	745	0	0	0	3	0	0	0	0	3	0	0	0	0	0
Item = 4119	746	0	0	0	-3	-1	1	2	0	0	0	0	0	0	0
Item = 4121	747	0	0	0	-3	-1	2	3	4	0	0	0	0	0	0
Item = 4123	748	0	0	0	-3	-1	5	6	7	0	0	0	0	0	0
Item = 4125	749	0	0	0	-3	-1	7	8	9	0	0	0	0	0	0
Item = 4127	750	0	0	0	-3	-1	8	9	10	0	0	0	0	0	0
Item = 4214	768	0	0	0	0	100	0	0	0	0	0	0	0	0	0
Item = 4215	769	0	0	0	0	96	0	0	0	0	0	0	0	0	0
Item = 4212	767	0	0	0	0	100	0	0	0	0	0	0	0	0	0
Item = 4222	776	0	0	0	0	68	0	0	0	0	0	0	0	0	0
Item = 4223	777	0	0	0	0	64	0	0	0	0	0	0	0	0	0
Item = 4220	774	0	0	0	0	76	0	0	0	0	0	0	0	0	0
Item = 4221	775	0	0	0	0	72	0	0	0	0	0	0	0	0	0
Item = 4218	772	0	0	0	0	84	0	0	0	0	0	0	0	0	0
Item = 4219	773	0	0	0	0	80	0	0	0	0	0	0	0	0	0
Item = 4216	770	0	0	0	0	92	0	0	0	0	0	0	0	0	0
Item = 4217	771	0	0	0	0	88	0	0	0	0	0	0	0	0	0
Item = 4170	764	7	-1	25	12	0	2	3	1	10	0	0	35	0	0
Item = 4232	786	0	0	0	0	0	37	40	39	0	66	0	0	0	0
Item = 4233	787	0	0	0	0	0	35	38	37	0	64	0	0	0	0
Item = 4234	788	0	0	0	0	0	33	36	35	0	62	0	0	0	0
Item = 4224	778	0	0	0	0	0	51	54	53	0	80	0	0	0	0
Item = 4225	779	0	0	0	0	0	51	54	53	0	80	0	0	0	0
Item = 4226	780	0	0	0	0	0	49	52	51	0	78	0	0	0	0
Item = 4227	781	0	0	0	0	0	47	50	49	0	76	0	0	0	0
Item = 4228	782	0	0	0	0	0	45	48	47	0	74	0	0	0	0
Item = 4229	783	0	0	0	0	0	43	46	45	0	72	0	0	0	0
Item = 4230	784	0	0	0	0	0	41	44	43	0	70	0	0	0	0
Item = 4231	785	0	0	0	0	0	39	42	41	0	68	0	0	0	0
Item = 4335	809	0	0	0	0	0	0	1	1	0	2	0	0	0	0
Item = 4333	808	0	0	0	0	0	0	1	1	0	2	0	0	0	0
Item = 4331	807	0	0	0	0	0	0	1	1	0	2	0	0	0	0
Item = 4329	806	0	0	0	0	0	0	1	1	0	2	0	0	0	0
Item = 4327	805	0	0	0	0	0	0	1	1	0	2	0	0	0	0
Item = 4325	804	0	0	0	0	0	0	1	1	0	2	0	0	0	0
Item = 4323	803	0	0	0	0	0	0	1	1	0	2	0	0	0	0
Item = 4321	802	0	0	0	0	0	0	1	1	0	2	0	0	0	0
Item = 4351	817	0	0	0	0	0	0	1	1	0	2	0	0	0	0
Item = 4349	816	0	0	0	0	0	0	1	1	0	2	0	0	0	0
Item = 4347	815	0	0	0	0	0	0	1	1	0	2	0	0	0	0
Item = 4345	814	0	0	0	0	0	0	1	1	0	2	0	0	0	0
Item = 4343	813	0	0	0	0	0	0	1	1	0	2	0	0	0	0
Item = 4341	812	0	0	0	0	0	0	1	1	0	2	0	0	0	0
Item = 4339	811	0	0	0	0	0	0	1	1	0	2	0	0	0	0
Item = 4337	810	0	0	0	0	0	0	1	1	0	2	0	0	0	0
Item = 4317	800	0	0	0	0	0	0	1	1	0	2	0	0	0	0
Item = 4319	801	0	0	0	0	0	0	1	1	0	2	0	0	0	0
Item = 4315	799	0	0	0	0	0	0	1	1	0	2	0	0	0	0
Item = 4675	883	10	-1	40	15	0	2	3	1	15	0	0	50	0	-1
Item = 4710	889	12	-1	65	15	0	3	2	5	15	0	0	68	0	0
Item = 4708	888	0	0	0	6	-2	15	13	16	6	0	0	0	0	0
Item = 4714	891	0	0	0	22	-7	33	30	36	22	0	0	0	0	0
Item = 4712	890	0	0	0	30	-10	52	37	63	30	0	0	0	0	0
Item = 4718	893	0	103	95	-4	0	0	0	0	0	-1	0	105	0	0
Item = 4716	892	0	0	0	0	0	45	48	44	-1	51	0	0	0	0
Item = 4722	895	0	0	0	-21	-7	85	82	83	-4	92	0	0	0	0
Item = 4720	894	0	0	0	-30	-10	122	120	107	-6	132	0	0	0	0
Item = 4726	897	75	75	75	0	0	7	7	7	0	0	0	75	0	0
Item = 4724	896	0	0	0	-6	-2	55	58	54	-1	62	0	0	0	0
Item = 4730	899	0	0	0	-14	-7	75	72	73	-4	82	0	0	0	0
Item = 4728	898	0	0	0	-30	-10	122	120	107	-6	132	0	0	0	0
Item = 4734	901	0	0	0	0	84	0	0	0	0	0	0	0	0	0
Item = 4732	900	0	0	0	-3	3	6	9	12	6	10	0	0	0	0
Item = 4749	906	0	0	0	-30	-10	122	120	107	-6	132	0	0	0	0
Item = 4751	907	0	0	0	-21	-7	85	82	83	-4	92	0	0	0	0
Item = 4745	904	0	0	0	-6	-2	55	58	54	-1	62	0	0	0	0
Item = 4747	905	-4	-4	85	-4	0	0	0	0	0	0	0	72	0	0
Item = 4740	-1	0	0	0	0	0	0	0	0	0	0	0	0	55	0
Item = 4736	902	0	0	0	-15	30	47	42	50	65	57	0	0	0	0
Item = 4738	903	0	0	0	-10	17	26	20	28	35	33	0	0	0	0
Item = 4757	910	0	0	0	-6	-2	81	95	85	0	81	0	0	0	5
Item = 4759	911	0	0	0	-21	-7	85	82	83	0	84	0	0	0	4
Item = 4753	908	0	0	0	-6	-2	55	58	54	0	56	0	0	0	3
Item = 4755	909	68	-2	82	0	0	0	0	0	0	0	0	72	0	6
Item = 4773	-1	0	0	0	0	0	0	0	0	0	0	0	0	7	0
Item = 4827	917	0	0	0	0	38	0	0	0	0	0	0	0	0	0
Item = 5620	-1	0	0	0	0	0	0	0	0	0	0	0	0	31	0
Item = 5623	-1	0	0	0	0	0	0	0	0	0	0	0	0	10	0
Item = 5622	-1	0	0	0	0	0	0	0	0	0	0	0	0	7	0
Item = 5617	-1	0	0	0	0	0	0	0	0	0	0	0	0	10	0
Item = 5616	-1	0	0	0	0	0	0	0	0	0	0	0	0	7	0
Item = 5619	-1	0	0	0	0	0	0	0	0	0	0	0	0	22	0
Item = 5618	-1	0	0	0	0	0	0	0	0	0	0	0	0	26	0
Item = 5629	1107	0	0	0	0	4	0	0	0	0	0	0	0	0	0
Item = 5628	1106	0	0	0	0	3	0	0	0	0	0	0	0	0	0
Item = 5631	1109	0	0	0	0	7	0	0	0	0	0	0	0	0	0
Item = 5630	1108	0	0	0	0	5	0	0	0	0	0	0	0	0	0
Item = 5625	-1	0	0	0	0	0	0	0	0	0	0	0	0	22	0
Item = 5624	-1	0	0	0	0	0	0	0	0	0	0	0	0	16	0
Item = 5626	-1	0	0	0	0	0	0	0	0	0	0	0	0	31	0
Item = 5574	1098	0	0	0	-6	-2	13	14	11	-1	13	0	0	0	3
Item = 5575	1099	0	0	0	-30	-10	46	44	38	-6	44	0	0	0	6
Item = 5576	1100	0	0	0	-21	-7	24	22	20	-4	22	0	0	0	5
Item = 5553	1091	0	0	0	0	0	10	10	10	10	10	0	0	0	0
Item = 5555	1093	0	0	0	0	0	7	7	7	7	7	0	0	0	0
Item = 5554	1092	0	0	0	0	0	5	5	5	5	5	0	0	0	0
Item = 5557	1095	0	0	0	0	0	2	2	2	2	2	0	0	0	0
Item = 5556	1094	0	0	0	0	0	2	2	2	2	2	0	0	0	0
Item = 6107	1194	0	0	0	5	0	0	0	0	5	0	0	0	0	0
Item = 6106	1193	0	0	0	2	0	0	0	0	2	0	0	0	0	0
Item = 6111	1198	0	0	0	5	0	0	0	0	5	0	0	0	0	0
Item = 6110	1197	0	0	0	2	0	0	0	0	2	0	0	0	0	0
Item = 6109	1196	0	0	0	3	0	0	0	0	3	0	0	0	0	0
Item = 6108	1195	0	0	0	4	0	0	0	0	4	0	0	0	0	0
Item = 6129	1205	0	0	0	-30	-10	82	80	72	-6	80	0	0	0	0
Item = 6128	1204	0	0	0	-6	-2	30	32	27	-1	30	0	0	0	0
Item = 6131	1207	0	-6	-6	-6	6	6	6	-6	6	0	0	0	0	0
Item = 6130	1206	0	0	0	-21	-7	51	49	47	-4	49	0	0	0	0
Item = 6133	1208	0	0	0	-15	15	40	32	45	20	40	0	0	0	0
Item = 6135	1209	0	0	0	10	8	22	16	24	8	22	0	0	0	0
Item = 6137	1210	0	0	0	2	-2	10	9	11	3	0	0	0	0	0
Item = 6139	1211	0	0	0	8	-10	35	25	42	15	0	0	0	0	0
Item = 6141	1212	0	6	-7	22	20	24	10	0	0	0	0	0	0	0
Item = 6143	1213	0	0	0	0	0	1	1	0	0	0	0	0	0	0
Item = 6142	-1	0	0	0	6	-7	22	20	24	10	0	0	0	0	0
Item = 5698	1161	40	25	-4	1	0	0	0	0	1	0	0	40	0	0
Item = 5730	1177	55	55	55	0	0	5	5	5	5	5	0	60	0	0
Item = 5645	1123	0	0	0	0	17	0	0	0	0	0	0	0	0	0
Item = 5644	1122	0	0	0	0	12	0	0	0	0	0	0	0	0	0
Item = 5647	1125	0	0	0	0	38	0	0	0	0	0	0	0	0	0
Item = 5646	1124	0	0	0	0	24	0	0	0	0	0	0	0	0	0
Item = 5641	1119	0	0	0	0	15	0	0	0	0	0	0	0	0	0
Item = 5640	1118	0	0	0	0	11	0	0	0	0	0	0	0	0	0
Item = 5643	1121	0	0	0	0	8	0	0	0	0	0	0	0	0	0
Item = 5642	1120	0	0	0	0	5	0	0	0	0	0	0	0	0	0
Item = 5637	1115	0	0	0	0	5	0	0	0	0	0	0	0	0	0
Item = 5636	1114	0	0	0	0	4	0	0	0	0	0	0	0	0	0
Item = 5639	1117	0	0	0	0	8	0	0	0	0	0	0	0	0	0
Item = 5638	1116	0	0	0	0	7	0	0	0	0	0	0	0	0	0
Item = 5633	1111	0	0	0	0	11	0	0	0	0	0	0	0	0	0
Item = 5632	1110	0	0	0	0	8	0	0	0	0	0	0	0	0	0
Item = 5635	1113	0	0	0	0	3	0	0	0	0	0	0	0	0	0
Item = 5634	1112	0	0	0	0	15	0	0	0	0	0	0	0	0	0
Item = 5652	1130	0	0	0	0	24	0	0	0	0	0	0	0	0	0
Item = 5653	1131	0	0	0	0	38	0	0	0	0	0	0	0	0	0
Item = 5648	1126	0	0	0	0	5	0	0	0	0	0	0	0	0	0
Item = 5649	1127	0	0	0	0	0	8	0	0	0	0	0	0	0	0
Item = 5650	1128	0	0	0	0	0	12	0	0	0	0	0	0	0	0
Item = 5651	1129	0	0	0	0	17	0	0	0	0	0	0	0	0	0
Item = 6568	1337	0	0	0	0	0	9	9	9	9	9	0	0	0	0
Item = 6570	1338	1	1	1	1	1	11	11	11	11	11	0	4	0	2
Item = 6585	1342	10	10	10	10	10	15	15	15	15	15	0	8	0	5
Item = 6587	1343	0	0	0	0	0	0	0	0	0	0	0	0	0	1
Item = 6589	1344	-2	20	15	0	0	0	0	0	0	-1	0	24	0	1
Item = 6591	1345	10	5	-4	1	0	0	0	0	1	0	0	7	0	1
Item = 6528	1330	0	0	80	-4	0	0	0	0	0	0	0	85	0	0
Item = 6633	1366	0	0	0	-8	-2	17	19	18	-1	18	0	0	0	1
Item = 6629	1364	0	0	0	0	0	0	1	2	0	0	0	0	0	1
Item = 6631	1365	0	0	0	0	0	0	0	0	0	0	0	0	0	1
Item = 6625	1362	0	0	0	-21	-7	21	20	19	-4	20	0	0	0	1
Item = 6627	1363	0	0	0	0	0	0	0	0	0	0	0	0	0	1
Item = 6607	1353	13	18	-2	0	0	0	3	2	0	0	0	16	0	1
Item = 6605	1352	14	10	-2	0	0	0	2	1	0	0	0	12	0	1
Item = 6600	-1	19	25	0	-4	0	-1	2	3	0	0	0	0	0	0
Item = 6601	1350	8	-2	16	0	0	0	0	0	0	0	0	13	0	1
Item = 6599	1349	19	25	0	-4	0	-1	2	3	0	0	0	20	0	1
Item = 6623	1361	0	0	0	-6	-2	12	13	10	-1	12	0	0	0	1
Item = 6621	1360	0	0	0	0	0	0	0	0	0	0	0	0	0	1
Item = 6619	1359	0	0	0	-3	-1	7	8	9	0	0	0	0	0	1
Item = 6617	1358	0	0	0	-30	-10	41	40	30	-6	40	0	0	0	1
Item = 6615	1357	0	0	0	-15	0	22	32	39	-3	24	0	0	0	1
Item = 6613	1356	-4	-4	22	-4	0	0	0	0	0	0	0	19	0	1
Item = 6611	1355	4	19	-2	0	0	0	1	0	0	0	0	14	0	1
Item = 6609	1354	-4	27	21	-4	0	0	0	0	0	-1	0	26	0	1
Item = 6524	1326	0	0	0	-12	-8	40	42	38	0	65	0	5	0	0
Item = 6525	1327	16	48	0	0	0	0	0	0	0	0	0	39	0	0
Item = 6526	1328	15	-1	55	15	0	10	15	5	15	0	0	55	0	0
Item = 6527	1329	-4	-4	62	0	0	0	0	0	0	0	0	56	0	0
Item = 6522	1324	0	0	0	0	69	0	0	0	0	0	0	0	0	0
Item = 6523	1325	47	38	-2	0	0	2	3	0	0	0	0	49	0	0
Item = 6330	1272	0	0	0	-5	6	2	2	2	1	0	0	0	0	0
Item = 6328	1271	0	0	0	-10	3	1	1	2	1	0	0	0	0	0
Item = 6322	1268	0	0	0	-5	12	25	38	32	15	35	0	0	0	0
Item = 6326	1270	0	0	0	-5	4	2	4	4	2	2	0	0	0	0
Item = 6324	1269	0	0	0	-5	6	8	8	10	4	10	0	0	0	0
Item = 6145	1214	0	0	0	0	0	0	1	1	0	0	0	0	0	0
Item = 6147	1215	0	0	0	0	0	1	1	0	0	0	0	0	0	0
Item = 6149	1216	0	0	0	0	0	0	0	0	1	2	0	0	0	0
Item = 6151	1217	0	0	0	0	0	0	0	0	0	1	0	2	0	0
Item = 6153	1218	0	0	0	0	0	0	0	0	1	2	0	0	0	0
Item = 6235	1239	0	0	0	3	-7	10	10	15	5	0	0	0	0	5
Item = 7158	1464	-4	92	80	-4	0	0	0	0	0	-1	0	93	0	0
Item = 6918	1433	0	0	0	6	0	0	0	0	6	0	0	0	0	0
Item = 6916	1432	0	0	0	22	0	0	0	22	0	0	0	0	0	0
Item = 6914	1431	0	0	0	20	0	0	0	0	20	0	0	0	0	0
Item = 6924	1436	0	0	0	17	0	0	0	0	17	0	0	0	0	0
Item = 6922	1435	0	0	5	0	0	0	5	0	0	0	0	0	0	0
Item = 6920	1434	0	0	0	5	0	0	0	0	5	0	0	0	0	0
Item = 6809	1412	0	0	0	-31	-18	43	45	41	-4	68	0	0	0	0
Item = 6910	1429	0	0	0	10	0	0	0	0	10	0	0	0	0	0
Item = 6897	-1	38	47	-2	0	0	0	0	0	0	0	0	0	0	0
Item = 6889	1427	0	0	0	15	0	0	0	0	15	0	0	0	0	0
Item = 6894	-1	0	0	0	-8	-2	21	31	29	-1	29	0	0	0	0
Item = 6895	-1	0	0	0	-3	-1	14	15	13	-1	14	0	0	0	0
Item = 6893	-1	0	0	0	1	1	0	0	0	0	0	0	0	0	0
Item = 6737	-1	0	0	0	0	0	0	0	4	0	0	0	4	0	0
Item = 6739	1388	-2	38	32	0	0	0	1	0	0	0	0	42	0	0
Item = 6745	1390	9	14	-2	0	0	0	3	2	1	0	0	12	0	0
Item = 6746	1391	10	16	-2	0	0	0	3	2	2	0	0	13	0	0
Item = 6720	1384	0	0	0	0	0	4	5	3	0	0	0	0	0	0
Item = 6724	1387	0	0	0	0	69	0	0	0	0	0	0	0	0	0
Item = 6726	-1	10	-1	40	10	0	2	3	1	10	0	0	35	0	0
Item = 6731	-1	0	0	0	4	0	0	0	0	4	0	0	0	0	0
Item = 6733	-1	0	0	0	0	4	0	0	0	0	4	0	0	0	0
Item = 6735	-1	0	4	0	0	0	0	4	0	0	0	0	0	0	0
Item = 6762	1397	0	0	11	0	0	0	0	0	0	0	0	14	0	0
Item = 6760	1396	0	0	11	0	0	0	0	0	0	0	0	14	0	0
Item = 7648	1568	0	-1	7	4	0	2	3	1	4	0	0	3	0	0
Item = 7668	1569	-4	-4	35	-4	0	0	0	0	0	0	0	35	0	0
Item = 7639	1559	0	-1	7	4	0	2	3	1	4	0	0	3	0	0
Item = 7647	1567	0	-1	7	4	0	2	3	1	4	0	0	3	0	0
Item = 7646	1566	0	-1	7	4	0	2	3	1	4	0	0	3	0	0
Item = 7645	1565	0	-1	7	4	0	2	3	1	4	0	0	3	0	0
Item = 7644	1564	0	-1	7	4	0	2	3	1	4	0	0	3	0	0
Item = 7643	1563	0	-1	7	4	0	2	3	1	4	0	0	3	0	0
Item = 7642	1562	0	-1	7	4	0	2	3	1	4	0	0	3	0	0
Item = 7641	1561	0	-1	7	4	0	2	3	1	4	0	0	3	0	0
Item = 7640	1560	0	-1	7	4	0	2	3	1	4	0	0	3	0	0
Item = 7552	-1	0	0	0	0	0	0	0	0	0	0	0	0	22	0
Item = 7539	1551	0	0	0	-3	-1	4	5	3	-1	0	0	0	0	0
Item = 7457	1540	6	6	6	3	6	6	6	6	3	6	0	6	0	0
Item = 7456	1539	5	5	5	3	5	5	5	5	3	5	0	5	0	0
Item = 7459	1542	8	8	8	5	8	8	8	8	5	8	0	8	0	0
Item = 7458	1541	7	7	7	4	7	7	7	7	4	7	0	7	0	0
Item = 7461	1544	12	12	12	6	12	12	12	12	6	12	0	12	0	0
Item = 7460	1543	9	9	9	5	9	9	9	9	5	9	0	9	0	0
Item = 7462	1545	12	12	12	6	12	12	12	12	6	12	0	12	0	0
Item = 7454	1537	3	3	3	2	3	3	3	3	2	3	0	3	0	0
Item = 7455	1538	4	4	4	2	4	4	4	4	2	4	0	4	0	0
Item = 7453	1536	2	2	2	1	2	2	2	2	1	2	0	2	0	0
Item = 7410	1512	7	9	-5	1	0	0	1	0	1	0	0	1	0	0
Item = 7398	1505	0	0	0	15	0	0	0	0	15	0	0	0	0	0
Item = 7399	1506	0	0	0	20	0	0	0	0	20	0	0	0	0	0
Item = 7396	1504	0	0	0	2	0	0	0	0	2	0	0	0	0	0
Item = 7394	1503	0	0	0	2	0	0	0	0	2	0	0	0	0	0
Item = 7392	1502	0	0	0	3	0	0	0	0	3	0	0	0	0	0
Item = 7400	1507	0	0	0	4	0	0	0	0	4	0	0	0	0	0
Item = 7380	1496	0	0	0	-10	8	22	16	24	8	22	0	0	0	0
Item = 7382	1497	0	0	0	-10	11	25	19	27	14	25	0	0	0	0
Item = 7376	1494	0	0	0	-15	20	45	37	50	30	45	0	0	0	0
Item = 7378	1495	0	0	0	-10	8	22	16	24	8	22	0	0	0	0
Item = 7390	1501	0	0	0	3	0	0	0	0	3	0	0	0	0	0
Item = 7384	1498	0	0	0	-10	11	25	19	27	14	25	0	0	0	0
Item = 7364	1488	0	0	0	-4	8	18	25	22	8	25	0	0	0	0
Item = 7365	-1	0	0	0	0	0	-4	8	18	25	22	0	8	0	25
Item = 7366	1489	0	0	0	-4	8	18	25	22	8	25	0	0	0	0
Item = 7367	-1	0	0	0	0	0	-4	8	18	25	22	0	8	0	25
Item = 7360	1486	0	0	0	-8	-2	-44	-48	46	-1	46	0	0	0	0
Item = 7362	1487	0	0	0	-4	8	18	25	22	8	25	0	0	0	0
Item = 7363	-1	0	0	0	0	0	-4	8	18	25	22	0	8	0	25
Item = 7372	1492	0	0	0	-15	15	40	32	45	20	40	0	0	0	0
Item = 7374	1493	0	0	0	-15	20	45	37	50	30	45	0	0	0	0
Item = 7368	1490	0	0	0	-4	8	18	25	22	8	25	0	0	0	0
Item = 7370	1491	0	0	0	-15	15	40	32	45	20	40	0	0	0	0
Item = 7346	1479	0	0	0	-8	-2	21	31	29	-1	29	0	0	0	0
Item = 7344	1478	0	0	0	-8	-2	17	19	18	-1	18	0	0	0	0
Item = 7350	1481	0	0	0	-8	-2	17	19	18	-1	18	0	0	0	0
Item = 7348	1480	0	0	0	-8	-2	44	48	46	-1	46	0	0	0	0
Item = 7354	1483	0	0	0	-8	-2	44	48	46	-1	46	0	0	0	0
Item = 7352	1482	0	0	0	-8	-2	21	31	29	-1	29	0	0	0	0
Item = 7358	1485	0	0	0	-8	-2	21	31	29	-1	29	0	0	0	0
Item = 7356	1484	0	0	0	-8	-2	17	19	18	-1	18	0	0	0	0
Item = 7334	1473	0	0	0	-8	-2	21	31	29	-1	29	0	0	0	0
Item = 7332	1472	0	0	0	-8	-2	17	19	18	-1	18	0	0	0	0
Item = 7338	1475	0	0	0	-8	-2	17	19	18	-1	18	0	0	0	0
Item = 7336	1474	0	0	0	-8	-2	44	48	46	-1	46	0	0	0	0
Item = 7342	1477	0	0	0	-8	-2	44	48	46	-1	46	0	0	0	0
Item = 7340	1476	0	0	0	-8	-2	21	31	29	-1	29	0	0	0	0
Item = 7808	1607	20	20	20	0	0	0	0	0	0	0	0	5	0	0
Item = 7809	1608	20	20	20	0	0	1	1	0	0	0	0	6	0	0
Item = 7806	1605	20	20	20	0	0	0	2	1	0	0	0	5	0	0
Item = 7807	1606	20	20	20	0	0	0	0	0	0	-1	0	13	0	0
Item = 8882	-1	0	0	0	0	0	0	0	0	0	0	0	0	49	0
Item = 8842	1733	0	0	0	0	0	6	6	6	4	6	0	0	0	0
Item = 8840	1731	0	0	0	0	0	30	30	30	30	30	0	0	0	0
Item = 8839	1730	0	0	0	0	0	45	45	45	45	45	0	0	0	0
Item = 8850	1740	20	19	18	-3	-2	20	19	18	-3	-2	0	5	0	0
Item = 9074	1826	0	0	0	2	-2	0	1	1	2	-2	0	0	0	0
Item = 9073	1825	0	0	0	2	-5	2	2	2	2	-5	0	0	0	0
Item = 9072	1824	0	0	0	2	-5	2	2	2	2	-5	0	0	0	0
Item = 9070	1822	0	0	0	5	-10	5	5	5	5	-10	0	0	0	0
Item = 9071	1823	0	0	0	5	-7	5	5	5	5	-7	0	0	0	0
Item = 9068	1820	0	0	0	3	-5	3	3	3	3	-5	0	0	0	0
Item = 9069	1821	0	0	0	3	-5	3	3	3	3	-5	0	0	0	0
Item = 9185	1854	0	0	0	0	101	0	0	0	0	0	0	0	0	0
Item = 9176	1849	0	0	0	0	17	0	0	0	0	0	0	0	0	0
Item = 9177	1850	0	0	0	0	23	0	0	0	0	0	0	0	0	0
Item = 9179	1851	0	0	0	0	28	0	0	0	0	0	0	0	0	0
Item = 9181	1852	0	0	0	0	32	0	0	0	0	0	0	0	0	0
Item = 9183	1853	0	0	0	0	78	0	0	0	0	0	0	0	0	0
Item = 9174	1848	0	0	0	0	11	0	0	0	0	0	0	0	0	0
Item = 9144	-1	0	0	0	0	0	0	0	0	0	0	0	0	115	0
Item = 9142	-1	0	0	0	0	0	0	0	0	0	0	0	0	82	0
Item = 9143	-1	0	0	0	0	0	0	0	0	0	0	0	0	100	0
Item = 9140	-1	0	0	0	0	0	0	0	0	0	0	0	0	46	0
Item = 9243	-1	0	0	0	0	0	0	0	0	0	0	0	0	105	0
Item = 9242	-1	0	0	0	0	0	0	0	0	0	0	0	0	103	0
Item = 9245	-1	0	0	0	0	0	0	0	0	0	0	0	0	120	0
Item = 9244	-1	0	0	0	0	0	0	0	0	0	0	0	0	117	0
Item = 9237	-1	0	0	0	0	0	0	0	0	0	0	0	0	30	0
Item = 9294	-1	0	0	0	0	0	0	0	0	0	0	0	0	46	0
Item = 9291	-1	0	0	0	0	0	0	0	0	0	0	0	0	115	0
Item = 9289	-1	0	0	0	0	0	0	0	0	0	0	0	0	82	0
Item = 9287	-1	0	0	0	0	0	0	0	0	0	0	0	0	46	0
Item = 9305	-1	0	0	0	0	0	0	0	0	0	0	0	0	115	0
Item = 9303	-1	0	0	0	0	0	0	0	0	0	0	0	0	82	0
Item = 9301	-1	0	0	0	0	0	0	0	0	0	0	0	0	46	0
Item = 9298	-1	0	0	0	0	0	0	0	0	0	0	0	0	115	0
Item = 9296	-1	0	0	0	0	0	0	0	0	0	0	0	0	82	0
Item = 9342	-1	0	0	0	0	0	0	0	0	0	0	0	0	120	0
Item = 9377	-1	0	0	0	0	0	0	0	0	0	0	0	0	46	0
Item = 9676	1894	0	0	0	-21	-7	33	31	29	-4	-31	0	0	0	5
Item = 9672	1892	0	0	0	-6	-2	19	21	16	-1	19	0	0	0	4
Item = 9674	1893	0	0	0	-30	-10	65	63	55	-6	63	0	0	0	8
Item = 10887	2394	-2	10	92	0	0	0	0	0	0	0	0	100	0	0
Item = 10828	2370	0	0	0	0	0	31	29	34	3	30	0	3	0	3
Item = 11235	2480	0	0	0	0	95	0	0	0	0	0	0	0	0	0
Item = 11212	-1	0	0	0	0	0	0	0	0	0	0	0	0	60	0
Item = 11227	-1	0	0	0	0	0	0	0	0	0	0	0	0	60	0
Item = 11228	-1	0	0	0	0	0	0	0	0	0	0	0	0	60	0
Item = 11229	-1	0	0	0	0	0	0	0	0	0	0	0	0	60	0
Item = 11230	2476	0	0	0	0	18	0	0	0	0	0	0	0	20	0
Item = 10456	2150	0	0	0	4	0	0	0	0	4	0	0	0	0	5
Item = 10454	2149	0	0	0	4	0	0	0	0	4	0	0	0	0	5
Item = 10452	2148	0	0	0	4	0	0	0	0	4	0	0	0	0	5
Item = 10738	2331	0	0	0	0	15	0	0	0	10	0	0	0	0	0
Item = 10499	2166	0	0	0	0	4	0	1	0	0	4	0	0	0	0
Item = 10551	2175	0	0	0	-40	0	62	85	62	-10	67	0	4	0	0
Item = 11283	2488	0	0	0	-10	-5	70	75	72	10	72	0	7	0	0
Item = 11284	2489	0	0	0	-10	-5	70	75	72	10	72	0	7	0	0
Item = 11663	2558	0	0	0	0	0	6	6	6	6	6	0	0	0	0
Item = 11664	2559	0	0	0	0	0	6	6	6	6	6	0	0	0	0
Item = 11665	2560	0	0	0	0	0	6	6	6	6	6	0	0	0	0
Item = 11694	2572	0	132	80	0	0	0	0	0	0	0	0	132	0	8
Item = 11698	2574	0	132	80	0	0	0	0	0	0	0	0	132	0	8
Item = 11696	2573	0	132	80	0	0	0	0	0	0	0	0	132	0	8
Item = 11700	2575	0	132	80	0	0	0	0	0	0	0	0	132	0	8
Item = 11718	2577	-5	-5	-5	-5	10	6	8	10	10	8	0	0	0	1
Item = 11724	2580	0	0	0	-15	-10	98	93	105	-6	133	0	4	0	1
Item = 11726	2581	0	0	0	-21	-7	71	63	66	-4	93	0	2	0	1
Item = 11720	2578	-7	-7	-7	-15	33	56	48	61	70	57	0	0	0	1
Item = 11722	2579	-6	-6	-6	-10	20	32	26	34	40	33	0	0	0	1
Item = 11732	2584	0	0	0	-3	-1	16	17	18	0	0	0	4	0	0
Item = 11730	2583	0	82	60	0	0	0	0	0	0	0	0	82	0	2
